Tcl_0: [-0.001790, -0.999990, -0.003890, 0.046150, 
        -0.000450, 0.003890, -0.999990, 0.000980, 
        1.000000, -0.001790, -0.000460, -0.012340, 
        0.000000, 0.000000, 0.000000, 1.000000]
cam_0: 
   image_width: 1600
   image_height: 1296
   k2: -0.000305
   k3: -0.040775
   k4: 0.060539
   k5: -0.064829
   k6: 0.031077
   k7: -0.006874
   p1: 0.000000
   p2: 0.000000
   A11: 734.928547
   A12: -0.903301
   A22: 733.750910
   u0: 797.400107
   v0: 657.527930
